37857    
46583    
31192    
78946    
30764    
61937    
27455    
30125    
65881    
48316    
50135    
31163    
27927    
35722    
26754    
42026    
26555    
28256    
37764    
30112    
101662    
44692    
31286    
86560    
36048    
27580    
37867    
32166    
34809    
25663    
28232    
30647    
96930    
30097    
33882    
39707    
30820    
29892    
42434    
27403    
26108    
28400    
32973    
33086    
25699    
40728    
34944    
37605    
35619    
37949    
77277    
38005    
26999    
33137    
58310    
25960    
24550    
39755    
27028    
25719    
29566    
30775    
33258    
39797    
31008    
42921    
26053    
32473    
27887    
71553    
43156    
33933    
73261    
26834    
27339    
62555    
27948    
47526    
31647    
32013    
25318    
31990